$ANSIBLE_VAULT;1.1;AES256
62306363613233663365646436336661363866323338353236616230646265666136316633313864
3765383530386566623630633162363536316362376135620a313066633538323030393463316461
64356561623063313766383038623261343565363061623165623930366639396439616537343532
3161393337353433640a643165313235393434393166336661306538396231363736386463373864
35656239663361333966313765626230623033356562393161613334636462643662323432353537
39633330646236633566326334633931613839656264633336333230326537636539383362333830
36666238343239623831663165393234303135653764393238656338396530616365616430626437
64663732333163643838386665646335323133633164373335646330356239653135663937623735
36353638303066643638653233316539623830306663396134633939663262633438313964643264
36623138323936383934343166623030613131653933336133323164666439376465656635373131
34356339653762653134623866663431376433643334383632663330336333643931313037626466
62323465323031626135653764313035626664346531363239393231386239306361303533316566
61336262396636633534656661363665386130663033323937343662646463383232613633323764
66363533653864346463336461653939386432656561353830396439306330633063656433633130
36636638663638356136393162383339323465346437666261653833303963646463393163626162
65306235343337356532616131623765633563343436316332613433383939366663343862343231
34656639313533386639303332376562373964313666643966336464616138303732643436356436
65623661326537343665623761356233663237653561303432616231393533363334656433633661
32313730653730616631656465636632336539363166383330636137633435363465363337643738
65303866376638663634313266663038326164356434353135393031633838346363306632373839
64623064323064343036373263323832333062336535623661623164323637393664386133376464
37653565336232653837363435333339636363363131363734323164343261346562313362653964
61353064643465656235353636373461623330316536303134633065356565666431363365623661
30643934343663636461343132653138666332373862363034333439323939383665623238393362
33623332313430393534353865393236313730383639306131666265303038383436643233396437
63623865323862366132393332306161616230633461616131313937633566653736653630613734
33376132306665373339633035356361363563346636323531636337636461613133376133613864
35633135383039623564393539336136326330323161386538383837343565353835303363643333
64666466363162333364383732383762316438373863306633366664336338616138646161636338
31366634323666346133323731636638623937646165393861343634613864623262656435323832
38376566356337323361393231663137613632333634333462643434636665633031343636653939
38336136623336613233366665343962336330393931396139353065666430353361313064356265
33366631386530616261663331373664623138613138346462633863616533363932383039356234
35636165396338663661326162373032363333653231373964303233353762306539656464376131
37616639323034613038623135656562623035353663396538363135373638386239376338326531
30643364626433396432613332343633623663646364633532326237323134396533636665393364
38316564663234363932616333336638326564623964313966373232646262323832353334373134
35376565303566333930653933663630326232363932373064616635666662373166373838643833
33373535626361303237326330396234393833396561306439396632353932353163316561616239
36653166303666313635376234336165393836633037336666313731383839623335366330656639
63313333376332623561386530323164646536666537383530356232383830366237366536656139
39616264383636373535393563353439343636663966666463393266383966346635313834346631
66326432653765313930363131616430333666643135366663373134383333643561333533653866
64386436303231326237366462313562623836316635333037376538633339366235373534643131
62373561333866616264623733613966626261396638613038323261323764346337636332363930
61343437643263393966633239333230303166613634396232653734623430616132383738323262
39623132346664333866383437363963343536333630363138346361323634646563376432393261
35336132613738376661346638343464363834316165366237666238343964396337623233366633
32316537663339326237353163656432383262366432636332313335383533643337396634656439
32613034393231393066326261333365353234613933653530336333343962626565656239623534
61303263393365616662653565336565626233633362643930333564333733313764366538383462
38633266336330326534653562383165643163313065366534616362626262666134353462633638
66623330636632376465396338653366666233656537613235323939623034636161343664626266
38636435363135623437386339383835373938383964303632636431656661613238363530663336
63373930613333313937303565303934316666663466303464643931393037343330366334626264
39346232646334393135366564393933613138633633393164613730663533643666313339363539
63383933333239303138373836663930613131663465326163353132316363666431373237626136
64653065386162303535333834653164376236613837616631303135306437306264323564666262
31616533376439333536373733363633343664656163396632346238616432306362636331336435
65656631386364613633353431613462393239303233396535373734343061616266666634356435
34616632623139663635643466616231633032373966393364663864396465313434346138633863
30653638646334616333323733313762323765323935646639356437613163363639393532623637
61343964336466656537396161653138336666363633303033306234666236323765396337653232
66653037333433616631346339313564393033353236633337643762313332306166303337663439
36323732666335653833623633306335343366663361336566353333373737303738626238626264
30313265353934346161633637333466346162666639623038633164656636383563356135633464
64333839626166343135303530636663393735373236323331386561663038613830313338363236
62636238656331326636323765666533373864353939393336306131333165646134396535306237
39613136643866386165353936633132653738623965313638363439303736323132396465383635
30623237383237343764623432623065333466653635623838393735643932623663303834616465
65333134643634373637326565633638383462313164383264343330653533653963623338633665
34313830646535393838316432383266386231633266633236323139343037643765326266383763
34373136656137626138613130336562656130366431663264386135303665613030623533316538
32663933303830663638613236336566376366663539313533653364383165303133653865646235
31323337333961626131313861303866303365353865306461366465313834356534613637333237
30396530396162363136366366663939663635373933396539353534623863356533326331306632
35383564666439333762656239393236316338393933383765316565623563636535633566633764
64643832646365613136316665373437326539366365346335396332346561613838353733646662
31376239366362373664313766636538336231386365363033383939666132636430623438383830
62346138363861646436656136326131393965663165343764323764666233326461316266303965
34633130356433353737386166636136626562643733396133323162373838656138616561633637
30383931626338656332383464303364643530663535383436313538353033623463383231313264
63656261343062663131363430336666633563363731633637633465313265333363646631373733
61373264393539616262346230643935326439393462346535613532393237653834343233383337
38303737626234353134376363343363373337633936306663303634666263666130303633663263
62636562633732363935386136306338663438343431643333313733626437653834616330613832
36396435643435653863626635663535303536343836363834366238313233666334363566393462
35363438336430316338386233386635303533323466343133663236383833386262376231316663
32373162613831653136323965313765303430356565613236656465643832373365303433326662
64656136663330613933323763363163626336646138646537366134353633366466376362616164
34366166636361333430653334646138303937643866313661656136316634336164323065663736
61663961333132623861616436303864613839613136336262663231346231366262393066326630
36653532303264326536656239303239653465373265336632633737623534616261386630376235
36636530383164643531373738306636376162336637323066376238363133333662373861393936
38383535626634306431376534333131306438376661336431393335323465613361386538343137
36346239336331613864623062653664363538303832626439393635386535353939636265303238
31633335393764306665653638303031376338313138653130303337633238656238306538343566
61633631386465343862336236623763313336663635316562353761633830663039306662353066
63333237613162386432376464346234643563643835336631633564353533356131646363353531
63313662376430396463396131303563653930633332333137343430396538643935636665303138
30353231343566643134633365653439633066383235653965653963646461393362383766646263
34363536376461333538633161326265386165303333313064663764396364306466343237353465
62656439386562363836373539386661373937306666656333626437323637633535316432383732
38393862626130636164376435393766306636393331666437373864356134343438313939363862
36326165356632653635663465313766353037346366623939326333636337623132313639623565
33313233353266666337383831336432356133303032306531356639346531653665666465396630
62326336383939373537613662376261653061326266366366663465393461306335646338376465
62386335303263646635343265393534646439316461636662383333323462363530326663373636
37356161373233383564363738323331633730353436343364653334393061376333313166376134
33616631366637323136346234613364663035343265326261613030613335393437633264363663
33333761663036633865373266396137633532323331313163313464613136353538633235393766
34356461613530636539396164313832643139613864613735656230616237333630326134373331
61656337373366306130326463623230653837343565623234303739323632306334
